10562  
57477  
 5217  
55736  
60238  
29129  
39772  
24007  
31924  
25065  
  171  
48546  
21398  
63607  
59609  
32515  
 7990  
59548  
56097  
45870  
57004  
36836  
33397  
61265  
36771  
40155  
17494  
41033  
63959  
54768  
29896  
57019  
64864  
18989  
63609  
30347  
21615  
20178  
49422  
46645  
63528  
23468  
30518  
56066  
26647  
43294  
 7399  
19070  
62287  
57977  
 3256  
31818  
 7665  
57930  
38863  
61366  
34171  
10931  
49391  
 6869  
60796  
 3561  
 7010  
21114  
33884  
44885  
12032  
41718  
62818  
12824  
62602  
60587  
51107  
16893  
33593  
27377  
 4507  
64003  
12113  
30926  
19588  
43988  
57076  
63516  
50734  
17435  
54560  
  968  
39409  
45589  
37844  
11910  
49222  
19419  
64934  
35711  
49500  
19429  
50724  
63621 